INPUT FOR D2H-SYMMETRY  C2H4   DZ BASIS SET     Optimized geometry    
6      -78.0119898353                                                       
6.0000000000       -1.2602962432        0.0000000000        0.0000000000
6.0000000000        1.2602962432        0.0000000000        0.0000000000
1.0000000000       -2.3303912628       -1.7258024530        0.0000000000
1.0000000000        2.3303912628       -1.7258024530        0.0000000000
1.0000000000       -2.3303912628        1.7258024530        0.0000000000
1.0000000000        2.3303912628        1.7258024530        0.0000000000
                   -0.0000000017        0.0000000000        0.0000000000
                    0.0000000017        0.0000000000        0.0000000000
                    0.0000000002        0.0000000002        0.0000000000
                   -0.0000000002        0.0000000002        0.0000000000
                    0.0000000002       -0.0000000002        0.0000000000
                   -0.0000000002       -0.0000000002        0.0000000000
