    3    9
       -3.6130997071        0.0000000000       -0.0000000000
        1.8065498535       -0.0000000000       -0.0000000000
        1.8065498535        0.0000000000        0.0000000000
        0.0000000000        8.4484978101        0.0000000000
       -0.0000000000       -4.2242489050       -4.7117763859
        0.0000000000       -4.2242489050        4.7117763859
       -0.0000000000        0.0000000000        3.7558758529
       -0.0000000000       -4.3809411905       -1.8779379264
        0.0000000000        4.3809411905       -1.8779379264
        1.8065498535       -0.0000000000       -0.0000000000
       -1.8756582110        0.0000000000        0.0000000000
        0.0691083574        0.0000000000        0.0000000000
       -0.0000000000       -4.2242489050       -4.3809411906
        0.0000000000        4.3722044693        4.5463587882
       -0.0000000000       -0.1479555642       -0.1654175976
       -0.0000000000       -4.7117763860       -1.8779379264
        0.0000000000        4.5463587882        1.8072072616
        0.0000000000        0.1654175977        0.0707306648
        1.8065498535        0.0000000000        0.0000000000
        0.0691083574       -0.0000000000        0.0000000000
       -1.8756582110       -0.0000000000       -0.0000000000
        0.0000000000       -4.2242489050        4.3809411906
        0.0000000000       -0.1479555642        0.1654175976
       -0.0000000000        4.3722044693       -4.5463587882
        0.0000000000        4.7117763860       -1.8779379264
        0.0000000000       -0.1654175977        0.0707306648
       -0.0000000000       -4.5463587882        1.8072072616
