INTGRL        1    0    1    0    0    0    0    0    0
         *** CFOUR Program System (Release V0.1) *** 
Water MP2/STO-3G Hessian Test
    3    0            0.10E-08              0    0
   9999.00      3.00
          8.00000000    1    2    1    1
O #1   0.000000000000000   0.000000000000000   0.075791843733959
    6    2
   130.709321400000       0.154329000000000       0.000000000000000E+000
   23.8088661000000       0.535328100000000       0.000000000000000E+000
   6.44360830000000       0.444634500000000       0.000000000000000E+000
   5.03315130000000       0.000000000000000E+000 -9.996720000000001E-002
   1.16959610000000       0.000000000000000E+000  0.399512800000000     
  0.380389000000000       0.000000000000000E+000  0.700115500000000     
    3    1
   5.03315130000000       0.155916300000000     
   1.16959610000000       0.607683700000000     
  0.380389000000000       0.391957400000000     
          1.00000000    1    1    1
H #2   0.000000000000000  -0.866811829000000  -0.601435779066041
    3    1
   3.42525090000000       0.154329000000000     
  0.623913700000000       0.535328100000000     
  0.168855400000000       0.444634500000000     
          1.00000000    1    1    1
H #3   0.000000000000000   0.866811829000000  -0.601435779066041
    3    1
   3.42525090000000       0.154329000000000     
  0.623913700000000       0.535328100000000     
  0.168855400000000       0.444634500000000     
FINISH
